OTU	Test-Statistic	P	FDR_P	Bonferroni_P	bushes_mean	none_mean	mycelium_mean	tree_mean	shrubs_mean	grass_mean
k__Bacteria;p__Gemmatimonadetes	28.2177220427	3.29996669339e-05	0.0018479813483	0.0018479813483	0.0162255014767	0.0371408615105	0.0198347107438	0.0341736833008	0.0296070138999	0.0108600421342
k__Archaea;p__Crenarchaeota	17.9338001943	0.00303052586541	0.0848547242316	0.169709448463	0.0256873195879	0.0294358010434	0.0198347107438	0.0315378157485	0.0277150763698	0.00848317634445
k__Bacteria;p__TM6	15.583427964	0.00813973606913	0.151941739957	0.455825219871	0.000439223643618	0.000664155706124	0.0	0.000759278006864	0.000801521991956	0.000419474152794
k__Bacteria;p__OP3	12.8071827914	0.0252542559089	0.353559582724	1.0	0.000124638557303	0.000216039957307	0.0	0.000166670781995	0.000107216357739	9.40242484533e-05
k__Bacteria;p__Tenericutes	12.0240399012	0.0344598589784	0.385950420558	1.0	0.00125688670466	0.000123857474218	0.0	5.55569273315e-05	4.54813971348e-05	0.000784780129171
k__Bacteria;p__FBP	11.5254518107	0.0419016941527	0.391082478758	1.0	4.08585748529e-05	9.89944680263e-05	0.0	4.32109434801e-05	7.85554339021e-05	2.83508852433e-05
k__Bacteria;p__NKB19	11.0489471352	0.0504180964526	0.403344771621	1.0	2.9301882646e-05	6.68970511012e-05	0.0	1.23459838515e-05	8.72621366096e-06	1.53902256537e-05
k__Bacteria;p__Fusobacteria	9.8880505839	0.0784701436489	0.549291005543	1.0	0.0	4.30630283914e-06	0.0	4.32109434801e-05	0.0	0.000111747946803
k__Bacteria;p__Cyanobacteria	9.06901725819	0.10634275578	0.611599415312	1.0	0.0029452041625	0.00192789796387	0.00165289256198	0.00370379515544	0.00190075059816	0.00346109209397
k__Bacteria;p__WS4	8.89171044314	0.113462204924	0.611599415312	1.0	0.0	7.35086120356e-06	0.0	0.0	0.0	0.0
k__Bacteria;p__Fibrobacteres	8.5821471222	0.126937221965	0.611599415312	1.0	0.000159203077866	8.37749792491e-05	0.0	0.000302476604361	0.000115377147968	0.000519587016747
k__Bacteria;p__OD1	8.48801735051	0.131312154682	0.611599415312	1.0	0.0	6.63380222973e-05	0.0	2.46919677029e-05	7.68686897467e-05	0.000812556302097
k__Archaea;p__Euryarchaeota	8.26982897575	0.141978435697	0.611599415312	1.0	1.3619524951e-05	3.83153223378e-05	0.0	0.0	4.66851648931e-06	2.44088661417e-06
k__Bacteria;p__Armatimonadetes	7.65629435379	0.176222934974	0.704891739894	1.0	0.0003601905909	0.000924921583815	0.0	0.000617299192573	0.000839494159709	0.00175553066972
k__Bacteria;p__[Thermi]	6.9623907948	0.223452413576	0.755475213399	1.0	0.0	1.30173661978e-06	0.0	6.17299192573e-06	0.0	0.000236428023464
k__Bacteria;p__GAL15	6.94825958741	0.224516837791	0.755475213399	1.0	0.0	1.3546102593e-05	0.0	1.85189757772e-05	7.07584999322e-06	4.32189225316e-06
k__Bacteria;p__SBR1093	6.74933385116	0.239960045585	0.755475213399	1.0	0.0	3.1257433386e-05	0.0	2.46919677029e-05	8.55599003073e-06	0.000115996431358
k__Bacteria;p__WS1	5.80847723705	0.325303274692	0.755475213399	1.0	0.0	1.21960288851e-06	0.0	0.0	0.0	0.0
k__Bacteria;p__Spirochaetes	5.74065056541	0.332278183686	0.755475213399	1.0	0.0	1.89897251322e-05	0.0	6.7902911183e-05	1.02612404082e-05	8.46134011554e-05
k__Bacteria;p__NC10	5.68749046363	0.337824426719	0.755475213399	1.0	0.0	5.7199991276e-06	0.0	0.0	5.5957099557e-06	0.0
k__Bacteria;p__Planctomycetes	5.63604137039	0.343258906259	0.755475213399	1.0	0.047142622069	0.0422164979523	0.0314049586777	0.038642929455	0.042429999148	0.0448345025232
k__Bacteria;p__GN02	5.57059924519	0.350266506417	0.755475213399	1.0	6.80976247548e-06	6.44467768972e-06	0.0	0.0	2.12275499796e-05	4.60401897222e-05
k__Bacteria;p__WPS-2	5.56447277547	0.350927989245	0.755475213399	1.0	3.45645205634e-05	6.35575018545e-05	0.0	4.32109434801e-05	9.94015283243e-05	0.00180953355714
k__Bacteria;p__BRC1	5.53122953727	0.354533600012	0.755475213399	1.0	0.000522699029997	0.000244774134118	0.0	0.000111113854663	0.000256722702974	0.000177072202236
k__Bacteria;p__Chlorobi	5.51220865417	0.356609014784	0.755475213399	1.0	0.0015080396841	0.00077501300186	0.0	0.000376552507469	0.000691498919678	0.00104028130284
k__Bacteria;p__AD3	5.48381455003	0.359723938668	0.755475213399	1.0	0.0	2.87286099196e-05	0.0	0.0	9.35834959508e-06	0.00126712954945
k__Bacteria;p__Bacteroidetes	5.3240103426	0.377629746476	0.755475213399	1.0	0.118693390127	0.0843308623362	0.122314049587	0.0926936467567	0.0776503760629	0.0784285826694
k__Bacteria;p__Elusimicrobia	5.32306462056	0.377737606699	0.755475213399	1.0	0.00213287307913	0.00155463678987	0.0	0.001246944369	0.0020248008657	0.00210268557748
k__Bacteria;p__MVP-21	4.97522904062	0.418910754753	0.796155748331	1.0	0.0	7.57952436969e-07	0.0	6.17299192573e-06	4.15424719848e-06	3.23737076236e-05
k__Bacteria;p__TM7	4.91362732896	0.426512008034	0.796155748331	1.0	4.29214075969e-05	8.97509870356e-05	0.0	6.7902911183e-05	0.000155716994984	0.00022993369893
k__Bacteria;p__GN04	4.48903331202	0.481352082997	0.869539246705	1.0	0.0	5.95129909851e-06	0.0	0.0	7.07584999322e-06	7.09397417488e-05
k__Bacteria;p__OP11	3.99655550384	0.549911982511	0.948651453935	1.0	0.0	8.29841017035e-06	0.0	0.0	1.55559942502e-05	2.94418370407e-05
k__Bacteria;p__Actinobacteria	3.84048093083	0.572603907489	0.948651453935	1.0	0.135607829152	0.134132390024	0.168595041322	0.180146423368	0.140555401681	0.125509389297
k__Archaea;p__[Parvarchaeota]	3.38924967878	0.640207735849	0.948651453935	1.0	2.04292874265e-05	1.74800532556e-05	0.0	6.17299192573e-06	2.2244093284e-05	1.19152250956e-05
k__Bacteria;p__Deferribacteres	3.34056399132	0.647637309508	0.948651453935	1.0	0.0	0.0	0.0	0.0	0.0	0.000111302765096
k__Bacteria;p__Firmicutes	3.22708209438	0.665022518675	0.948651453935	1.0	0.00921031224735	0.014578724238	0.00330578512397	0.0135991012124	0.0115538868199	0.0923890070418
k__Bacteria;p__PAUC34f	3.00326961222	0.699481726137	0.948651453935	1.0	0.0	4.59868523354e-06	0.0	0.0	0.0	3.83612091453e-07
k__Bacteria;p__FCPU426	2.99978472844	0.700019026519	0.948651453935	1.0	0.0	5.85587854209e-05	0.0	0.0	7.70176253903e-05	0.000462842215702
k__Bacteria;p__AC1	2.84615384615	0.723689888743	0.948651453935	1.0	0.0	5.82031861588e-07	0.0	0.0	0.0	0.0
k__Bacteria;p__GOUTA4	2.84615384615	0.723689888743	0.948651453935	1.0	0.0	9.894541647e-06	0.0	0.0	0.0	0.0
k__Bacteria;p__OP8	2.84615384615	0.723689888743	0.948651453935	1.0	0.0	8.69427998972e-07	0.0	0.0	0.0	0.0
k__Bacteria;p__Chloroflexi	2.79593018746	0.731411740184	0.948651453935	1.0	0.0264222189179	0.0285268496567	0.0132231404959	0.0341304723573	0.0280020468245	0.0279276926439
k__Bacteria;p__Chlamydiae	2.75883610098	0.737106052666	0.948651453935	1.0	4.24056994109e-05	5.5446524068e-05	0.0	5.55569273315e-05	6.70847027966e-05	0.000135700359546
k__Bacteria;p__BHI80-139	2.70126582278	0.745924828682	0.948651453935	1.0	3.61116451214e-05	3.98839747792e-05	0.0	3.70379515544e-05	6.44003077693e-05	4.54816909054e-05
k__Bacteria;p__Nitrospirae	2.59378585969	0.762309204055	0.948651453935	1.0	0.0147162644596	0.0172570828801	0.0181818181818	0.0233277364873	0.0180427487015	0.0135219671033
k__Bacteria;p__Verrucomicrobia	2.15580090498	0.8271940235	0.983731831876	1.0	0.111983017559	0.115348438842	0.0909090909091	0.108453295143	0.126952319326	0.105280923753
k__Bacteria;p__	2.04597885074	0.84274711353	0.983731831876	1.0	0.000144446580486	0.000157919167688	0.0	0.000209881725475	0.000157770141945	0.000227545468701
k__Bacteria;p__Proteobacteria	1.79257918552	0.87703611034	0.983731831876	1.0	0.292566549682	0.301735525207	0.342148760331	0.26660534828	0.30503773191	0.283602129318
k__Bacteria;p__WS2	1.38139828753	0.926337234441	0.983731831876	1.0	2.14607037985e-05	2.49837216635e-05	0.0	6.17299192573e-06	1.76274774676e-05	4.13578860584e-05
k__Bacteria;p__WS3	1.32994696872	0.931820199955	0.983731831876	1.0	0.00323675727625	0.00537578980856	0.00661157024793	0.00528408108842	0.00558107866429	0.00588501144744
k__Bacteria;p__Acidobacteria	1.18824563672	0.946000054707	0.983731831876	1.0	0.188626329326	0.182474959096	0.161983471074	0.163392923282	0.179164282574	0.186961112752
k__Bacteria;p__SR1	0.953460586443	0.966231480991	0.983731831876	1.0	0.0	2.49700369111e-06	0.0	0.0	6.23137079772e-06	9.51860871093e-06
k__Bacteria;p__Lentisphaerae	0.785714285714	0.977935568612	0.983731831876	1.0	0.0	0.0	0.0	0.0	0.0	3.32207371814e-07
k__Bacteria;p__Synergistetes	0.785714285714	0.977935568612	0.983731831876	1.0	0.0	0.0	0.0	0.0	0.0	1.26467017402e-05
k__Bacteria;p__WS5	0.785714285714	0.977935568612	0.983731831876	1.0	0.0	0.0	0.0	0.0	0.0	1.25489408694e-06
k__Bacteria;p__Kazan-3B-28	0.685931948471	0.983731831876	0.983731831876	1.0	0.0	7.05832861602e-07	0.0	0.0	0.0	4.41566819492e-06